A:1.6300000000000001
B:0
C:2.9699999999999998
E:2.8600000000000003
F:2.7800000000000002
I:2.402
